# Wave[A] F[norm] E[norm] Flag[0:good] N_Combinations
2694.96	0.0138798	0.274442	1	0
2697.96	-0.000109231	0.277265	1	0
2700.96	-0.00504163	0.277233	1	0
2703.96	-0.00191672	0.2772	1	0
2706.96	-0.0015399	0.277164	1	0
2709.96	-0.00645166	0.277113	1	0
2712.96	0.000663726	0.277074	1	0
2715.96	-0.00513731	0.276999	1	0
2718.96	0.00440812	0.276913	1	0
2721.96	-0.0258599	0.276752	1	0
2724.96	-0.0163693	0.276674	1	0
2727.96	-0.035844	0.276521	1	0
2730.96	-0.0268552	0.276356	1	0
2733.96	0.00342377	0.275971	1	0
2736.96	0.0134168	0.275621	1	0
2739.96	0.0131594	0.275394	1	0
2742.96	0.0127233	0.275306	1	0
2745.96	0.0535177	0.274596	1	0
2748.96	0.00407798	0.274305	1	0
2751.96	-0.0272539	0.274498	1	0
2754.96	-0.0412682	0.274095	1	0
2757.96	-0.0555678	0.273247	1	0
2760.96	-0.0519736	0.273414	1	0
2763.96	0.0644971	0.272703	1	0
2766.96	0.0131384	0.272844	1	0
2769.96	0.0162103	0.272134	1	0
2772.96	0.0634954	0.271655	1	0
2775.96	0.0283612	0.26906	1	0
2778.96	0.0426638	0.26813	1	0
2781.96	0.0356479	0.26813	1	0
2784.96	-0.105286	0.266912	1	0
2787.96	0.0521179	0.269923	1	0
2790.96	0.0360503	0.268993	1	0
2793.96	0.0519729	0.270117	1	0
2796.96	0.0479025	0.269321	1	0
2799.96	0.00148415	0.266793	1	0
2802.96	-0.0407499	0.265754	1	0
2805.96	-0.00524695	0.264589	1	0
2808.96	0.134441	0.261075	1	0
2811.96	-0.00168344	0.262481	1	0
2814.96	0.066791	0.255144	1	0
2817.96	-0.0127531	0.257228	1	0
2820.96	0.63577	0.605361	0	1
2823.96	1.92426	0.73284	0	1
2826.96	-0.0448381	0.577703	0	1
2829.96	-0.232263	0.562815	0	1
2832.96	0.271275	0.557417	0	1
2835.96	0.159699	0.59597	0	1
2838.96	0.0715326	0.485274	0	1
2841.96	0.682933	0.497967	0	1
2844.96	0.474687	0.501453	0	1
2847.96	-0.0879154	0.60046	0	1
2850.96	-0.14772	0.557653	0	1
2853.96	0.612987	0.507744	0	1
2856.96	-0.295036	0.475854	0	1
2859.96	0.0886627	0.2429	1	0
2862.96	0.10842	0.249871	1	0
2865.96	0.290625	0.541628	0	1
2868.96	-0.0203394	0.568693	0	1
2871.96	-0.00864792	0.254773	1	0
2874.96	-0.35172	0.572223	0	1
2877.96	0.156038	0.573891	0	1
2880.96	0.395631	0.584379	0	1
2883.96	0.480729	0.623353	0	1
2886.96	0.397031	0.59556	0	1
2889.96	-0.763613	0.567835	0	1
2892.96	0.965423	0.581149	0	1
2895.96	-0.341385	0.638296	0	1
2898.96	0.106365	0.689143	0	1
2901.96	1.06988	0.672484	0	1
2904.96	0.437149	0.72489	0	1
2907.96	0.976582	0.891884	0	1
2910.96	0.476756	0.815393	0	1
2913.96	-0.228054	0.790703	0	1
2916.96	-0.251836	0.676476	0	1
2919.96	0.011964	0.696841	0	1
2922.96	0.0034904	0.615251	0	1
2925.96	0.493195	0.582607	0	1
2928.96	0.436435	0.58226	0	1
2931.96	0.506808	0.585238	0	1
2934.96	-0.0739202	0.703099	0	1
2937.96	-0.0476597	0.670343	0	1
2940.96	0.371999	0.585603	0	1
2943.96	0.850274	0.489674	0	1
2946.96	0.446444	0.488592	0	1
2949.96	0.356729	0.48711	0	1
2952.96	-0.0694786	0.583092	0	1
2955.96	0.287937	0.458727	0	1
2958.96	0.72296	0.521401	0	1
2961.96	0.5111	0.518514	0	1
2964.96	0.620249	0.451962	0	1
2967.96	0.0104519	0.494131	0	1
2970.96	0.520863	0.511022	0	1
2973.96	0.640639	0.600117	0	1
2976.96	-0.0430146	0.487423	0	1
2979.96	0.660665	0.465764	0	1
2982.96	0.420266	0.537197	0	1
2985.96	0.125231	0.503095	0	1
2988.96	0.259954	0.535269	0	1
2991.96	0.0666364	0.160277	0	2
2994.96	0.368356	0.15941	0	2
2997.96	0.422047	0.182961	0	2
3000.96	0.408128	0.148669	0	2
3003.96	0.270434	0.150387	0	2
3006.96	0.200507	0.148454	0	1
3009.96	0.433082	0.158417	0	1
3012.96	0.395496	0.131527	0	2
3015.96	0.297622	0.131984	0	2
3018.96	0.330292	0.13101	0	2
3021.96	0.380909	0.154133	0	2
3024.96	0.301269	0.161374	0	2
3027.96	0.28831	0.141799	0	2
3030.96	0.217349	0.127165	0	2
3033.96	0.162846	0.1285	0	2
3036.96	0.337052	0.140921	0	2
3039.96	0.281885	0.142948	0	1
3042.96	0.308828	0.147516	0	2
3045.96	0.402469	0.14771	0	2
3048.96	0.353682	0.146302	0	2
3051.96	0.381883	0.144344	0	2
3054.96	0.35543	0.156354	0	2
3057.96	0.296248	0.155978	0	2
3060.96	0.417682	0.172811	0	2
3063.96	0.450773	0.625351	0	1
3066.96	0.239446	0.631074	0	1
3069.96	-1.25174	0.917856	0	1
3072.96	0.322932	0.173711	0	2
3075.96	0.49192	0.193498	0	2
3078.96	0.360236	0.184416	0	2
3081.96	0.0996161	0.180894	0	2
3084.96	0.613551	0.56067	0	1
3087.96	0.289635	0.192986	0	2
3090.96	0.143194	0.203973	0	2
3093.96	0.267786	0.190503	0	2
3096.96	0.427268	0.173483	0	2
3099.96	0.217196	0.179063	0	2
3102.96	0.223256	0.158752	0	2
3105.96	0.551064	0.152614	0	2
3108.96	0.241897	0.161287	0	2
3111.96	0.290717	0.144514	0	2
3114.96	0.180204	0.164716	0	2
3117.96	0.274057	0.167604	0	2
3120.96	0.217763	0.15442	0	2
3123.96	0.147925	0.133039	0	2
3126.96	0.145165	0.135145	0	2
3129.96	0.226913	0.131108	0	2
3132.96	0.125194	0.141704	0	2
3135.96	0.0990675	0.147477	0	2
3138.96	0.167097	0.126094	0	2
3141.96	0.230801	0.145514	0	2
3144.96	0.102058	0.115313	0	2
3147.96	0.191761	0.118795	0	2
3150.96	0.429653	0.13226	0	2
3153.96	0.221541	0.146462	0	2
3156.96	0.259856	0.155183	0	2
3159.96	0.190979	0.129676	0	2
3162.96	0.237784	0.127074	0	2
3165.96	0.304974	0.149694	0	2
3168.96	0.213103	0.138864	0	2
3171.96	0.314345	0.15503	0	2
3174.96	0.369506	0.145203	0	2
3177.96	0.272383	0.149491	0	2
3180.96	0.560279	0.158734	0	2
3183.96	0.427663	0.162832	0	2
3186.96	0.0809951	0.179967	0	2
3189.96	0.327382	0.189738	0	2
3192.96	0.226341	0.165372	0	2
3195.96	0.172373	0.452433	0	1
3198.96	0.303786	0.40904	0	1
3201.96	0.832205	0.4298	0	1
3204.96	0.52849	0.386043	0	1
3207.96	0.0289512	0.393847	0	1
3210.96	0.187927	0.138837	1	0
3213.96	0.253249	0.131961	1	0
3216.96	0.199288	0.134081	1	0
3219.96	0.197227	0.176644	0	1
3222.96	0.20682	0.144692	0	2
3225.96	0.325849	0.17167	0	3
3228.96	0.22368	0.162488	0	1
3231.96	0.245322	0.117198	0	3
3234.96	0.407206	0.154108	0	2
3237.96	0.254897	0.125685	0	3
3240.96	0.277936	0.128051	0	3
3243.96	0.389585	0.124583	0	3
3246.96	0.302676	0.12528	0	3
3249.96	0.398288	0.126225	0	3
3252.96	0.436865	0.12612	0	3
3255.96	0.202064	0.127415	0	3
3258.96	0.314908	0.13711	0	3
3261.96	0.317633	0.123065	0	3
3264.96	0.335546	0.123828	0	3
3267.96	0.297948	0.116808	0	3
3270.96	0.329632	0.106131	0	3
3273.96	0.192078	0.119678	0	2
3276.96	0.234179	0.108366	0	3
3279.96	0.278219	0.102666	0	3
3282.96	0.20977	0.0816301	0	4
3285.96	0.296818	0.0822333	0	4
3288.96	0.345404	0.104616	0	4
3291.96	0.326787	0.0930205	0	4
3294.96	0.342084	0.0867431	0	4
3297.96	0.271195	0.114845	0	3
3300.96	0.391407	0.0930589	0	3
3303.96	0.299581	0.0999178	0	3
3306.96	0.252662	0.0803701	0	4
3309.96	0.309367	0.0801725	0	4
3312.96	0.443238	0.0842807	0	4
3315.96	0.375474	0.0854767	0	4
3318.96	0.390449	0.103186	0	4
3321.96	0.335747	0.0846278	0	4
3324.96	0.205701	0.0790535	0	4
3327.96	0.311267	0.0804093	0	4
3330.96	0.331863	0.0817025	0	4
3333.96	0.41156	0.0844766	0	4
3336.96	0.303769	0.0924285	0	3
3339.96	0.201346	0.0793759	0	4
3342.96	0.332987	0.076238	0	4
3345.96	0.201921	0.0786474	0	4
3348.96	0.383031	0.0770934	0	4
3351.96	0.344013	0.079897	0	4
3354.96	0.387382	0.0718799	0	6
3357.96	0.36804	0.0763455	0	6
3360.96	0.438497	0.0782756	0	6
3363.96	0.396674	0.0900898	0	4
3366.96	0.381359	0.0794769	0	6
3369.96	0.225663	0.0686064	0	7
3372.96	0.366832	0.069833	0	7
3375.96	0.32997	0.0682568	0	8
3378.96	0.286367	0.062771	0	8
3381.96	0.289954	0.0643453	0	8
3384.96	0.423592	0.0655269	0	8
3387.96	0.448611	0.0708316	0	7
3390.96	0.439981	0.0670081	0	8
3393.96	0.322695	0.0620981	0	8
3396.96	0.382098	0.0628381	0	8
3399.96	0.362534	0.0605799	0	8
3402.96	0.342114	0.0564847	0	8
3405.96	0.325285	0.0589686	0	8
3408.96	0.346621	0.0600774	0	8
3411.96	0.322714	0.0622171	0	7
3414.96	0.336423	0.0603953	0	8
3417.96	0.383256	0.0706014	0	7
3420.96	0.338485	0.0611408	0	9
3423.96	0.347211	0.0598369	0	9
3426.96	0.384617	0.0578763	0	9
3429.96	0.330632	0.0555525	0	9
3432.96	0.277415	0.0593273	0	10
3435.96	0.293047	0.0587675	0	8
3438.96	0.324678	0.0699818	0	7
3441.96	0.346876	0.069081	0	9
3444.96	0.257275	0.062189	0	11
3447.96	0.267222	0.0604523	0	12
3450.96	0.341126	0.0595131	0	10
3453.96	0.373399	0.059054	0	10
3456.96	0.354546	0.0628246	0	11
3459.96	0.293359	0.0681988	0	11
3462.96	0.386061	0.0678472	0	11
3465.96	0.41039	0.0622863	0	12
3468.96	0.393887	0.0580248	0	12
3471.96	0.333212	0.0595728	0	12
3474.96	0.276198	0.0600944	0	11
3477.96	0.309717	0.0652788	0	11
3480.96	0.427991	0.0604853	0	12
3483.96	0.359362	0.0624804	0	12
3486.96	0.354944	0.0627886	0	12
3489.96	0.378485	0.0609319	0	13
3492.96	0.355105	0.0627526	0	12
3495.96	0.36524	0.0652915	0	13
3498.96	0.312781	0.0609012	0	13
3501.96	0.253606	0.058547	0	12
3504.96	0.309065	0.0642884	0	10
3507.96	0.374736	0.066159	0	11
3510.96	0.346516	0.0638378	0	12
3513.96	0.361674	0.0690539	0	12
3516.96	0.40753	0.0646323	0	13
3519.96	0.342638	0.0599571	0	13
3522.96	0.35889	0.0640111	0	13
3525.96	0.34532	0.063753	0	13
3528.96	0.344695	0.0566536	0	12
3531.96	0.369704	0.0575744	0	12
3534.96	0.391492	0.0612564	0	13
3537.96	0.41234	0.0571492	0	14
3540.96	0.393317	0.0624692	0	12
3543.96	0.448396	0.0635961	0	13
3546.96	0.379606	0.0568031	0	13
3549.96	0.414808	0.0629815	0	13
3552.96	0.408584	0.0621444	0	12
3555.96	0.39108	0.0558368	0	13
3558.96	0.368838	0.0573653	0	12
3561.96	0.332526	0.0549292	0	13
3564.96	0.307009	0.0588167	0	14
3567.96	0.384047	0.0547366	0	14
3570.96	0.363163	0.0585989	0	14
3573.96	0.350153	0.0590802	0	13
3576.96	0.353525	0.0536555	0	13
3579.96	0.301062	0.05961	0	12
3582.96	0.317756	0.0580659	0	11
3585.96	0.301712	0.0561042	0	12
3588.96	0.392408	0.0604681	0	12
3591.96	0.361198	0.064719	0	11
3594.96	0.409003	0.0553207	0	13
3597.96	0.313594	0.0519009	0	13
3600.96	0.236166	0.0528663	0	12
3603.96	0.311383	0.0544506	0	12
3606.96	0.408254	0.0524418	0	14
3609.96	0.394523	0.0587418	0	13
3612.96	0.403097	0.0574521	0	14
3615.96	0.396945	0.0670178	0	14
3618.96	0.305957	0.068312	0	14
3621.96	0.395127	0.0613514	0	14
3624.96	0.477162	0.0648415	0	14
3627.96	0.485142	0.0722508	0	13
3630.96	0.382293	0.0647256	0	14
3633.96	0.304103	0.0636808	0	14
3636.96	0.370289	0.0589466	0	14
3639.96	0.396938	0.0643527	0	14
3642.96	0.42555	0.0667374	0	14
3645.96	0.408796	0.0609221	0	14
3648.96	0.384106	0.0681475	0	13
3651.96	0.436905	0.0680762	0	12
3654.96	0.424956	0.0629393	0	12
3657.96	0.383458	0.0626162	0	14
3660.96	0.50655	0.0694023	0	11
3663.96	0.411632	0.0670523	0	11
3666.96	0.440368	0.0693281	0	11
3669.96	0.424479	0.0588895	0	13
3672.96	0.428842	0.0605275	0	13
3675.96	0.38928	0.0567514	0	13
3678.96	0.382953	0.0698753	0	11
3681.96	0.430216	0.065373	0	12
3684.96	0.422848	0.0528391	0	13
3687.96	0.437242	0.0550816	0	13
3690.96	0.44111	0.0543664	0	13
3693.96	0.431304	0.0558616	0	13
3696.96	0.450623	0.050424	0	13
3699.96	0.427369	0.0542826	0	12
3702.96	0.354752	0.0534851	0	13
3705.96	0.331359	0.0571383	0	13
3708.96	0.38934	0.0582412	0	13
3711.96	0.429845	0.0600561	0	12
3714.96	0.482279	0.0632574	0	13
3717.96	0.428807	0.0533819	0	13
3720.96	0.576776	0.0566183	0	13
3723.96	0.529226	0.0523535	0	12
3726.96	0.576378	0.0506471	0	12
3729.96	0.537882	0.0525742	0	12
3732.96	0.468785	0.0487063	0	12
3735.96	0.483767	0.0477084	0	12
3738.96	0.451322	0.0509803	0	12
3741.96	0.486192	0.0553096	0	11
3744.96	0.386877	0.0507354	0	12
3747.96	0.428466	0.0516686	0	11
3750.96	0.457141	0.0600075	0	11
3753.96	0.493738	0.0569153	0	10
3756.96	0.460862	0.0482929	0	11
3759.96	0.484399	0.0457576	0	11
3762.96	0.519701	0.0487846	0	11
3765.96	0.557344	0.0476658	0	12
3768.96	0.430708	0.0449009	0	12
3771.96	0.469828	0.0445385	0	13
3774.96	0.619974	0.0505794	0	12
3777.96	0.609161	0.0544944	0	12
3780.96	0.621493	0.048586	0	13
3783.96	0.592006	0.0497725	0	13
3786.96	0.634851	0.0505643	0	12
3789.96	0.573454	0.046851	0	13
3792.96	0.573135	0.0506697	0	13
3795.96	0.502878	0.0537062	0	13
3798.96	0.537901	0.0508647	0	13
3801.96	0.557832	0.0526461	0	11
3804.96	0.607164	0.0509794	0	12
3807.96	0.623668	0.046814	0	12
3810.96	0.664351	0.0439955	0	13
3813.96	0.662317	0.0438219	0	13
3816.96	0.706874	0.0459248	0	13
3819.96	0.671492	0.045089	0	13
3822.96	0.603032	0.0509683	0	12
3825.96	0.557654	0.0528641	0	11
3828.96	0.543679	0.0496572	0	12
3831.96	0.432403	0.0477372	0	12
3834.96	0.347741	0.0495235	0	12
3837.96	0.441777	0.047515	0	12
3840.96	0.484611	0.0467819	0	12
3843.96	0.504193	0.0460265	0	12
3846.96	0.639974	0.0473647	0	12
3849.96	0.704283	0.0416066	0	13
3852.96	0.668454	0.0433542	0	13
3855.96	0.755236	0.0470116	0	12
3858.96	0.760315	0.0463387	0	13
3861.96	0.746903	0.0470124	0	14
3864.96	0.738397	0.0504321	0	14
3867.96	0.717231	0.0473861	0	14
3870.96	0.720444	0.0497856	0	14
3873.96	0.729149	0.0453797	0	14
3876.96	0.676443	0.0528473	0	13
3879.96	0.558167	0.0499186	0	14
3882.96	0.471755	0.0479545	0	14
3885.96	0.463928	0.046869	0	13
3888.96	0.457685	0.0476563	0	13
3891.96	0.529785	0.047928	0	12
3894.96	0.589048	0.0504399	0	11
3897.96	0.642075	0.0527733	0	12
3900.96	0.736244	0.0501554	0	12
3903.96	0.754569	0.0472238	0	12
3906.96	0.765883	0.0468916	0	11
3909.96	0.758521	0.0493682	0	12
3912.96	0.835689	0.0489354	0	12
3915.96	0.821608	0.0455174	0	13
3918.96	0.803662	0.0517209	0	13
3921.96	0.789164	0.0467606	0	12
3924.96	0.688015	0.0445898	0	11
3927.96	0.571596	0.0485319	0	11
3930.96	0.503387	0.046057	0	11
3933.96	0.38667	0.0473433	0	10
3936.96	0.489076	0.0504799	0	11
3939.96	0.675409	0.0496542	0	12
3942.96	0.715467	0.0468998	0	13
3945.96	0.751704	0.0492253	0	12
3948.96	0.77103	0.0462804	0	12
3951.96	0.764658	0.0482461	0	12
3954.96	0.765402	0.048824	0	13
3957.96	0.656499	0.0461524	0	12
3960.96	0.542715	0.0473278	0	13
3963.96	0.522069	0.0495095	0	13
3966.96	0.412568	0.0496506	0	13
3969.96	0.413353	0.0494019	0	13
3972.96	0.528324	0.0534113	0	12
3975.96	0.638401	0.0539226	0	13
3978.96	0.637827	0.0507921	0	13
3981.96	0.737985	0.0563015	0	11
3984.96	0.732052	0.0543487	0	12
3987.96	0.710874	0.0504323	0	12
3990.96	0.827131	0.0470657	0	13
3993.96	0.927478	0.0495125	0	13
3996.96	0.986538	0.0510053	0	13
3999.96	0.885392	0.0470176	0	13
4002.96	0.88119	0.0505033	0	13
4005.96	0.914513	0.0515807	0	13
4008.96	0.973418	0.0471001	0	12
4011.96	0.955573	0.0440762	0	12
4014.96	0.95722	0.0527896	0	10
4017.96	0.937213	0.0479203	0	11
4020.96	0.989551	0.0465792	0	13
4023.96	0.955128	0.0466301	0	13
4026.96	0.913736	0.0487556	0	13
4029.96	0.937886	0.0485579	0	13
4032.96	0.951206	0.0449289	0	13
4035.96	0.946444	0.041227	0	13
4038.96	0.93914	0.049229	0	13
4041.96	0.9848	0.0436949	0	13
4044.96	0.955776	0.0426754	0	13
4047.96	0.905412	0.0435142	0	13
4050.96	0.947038	0.049205	0	12
4053.96	1.0219	0.0425409	0	13
4056.96	0.917267	0.0419623	0	13
4059.96	0.822335	0.0429607	0	13
4062.96	0.906807	0.0463447	0	13
4065.96	0.946552	0.0486993	0	12
4068.96	0.979858	0.0505239	0	12
4071.96	0.914182	0.0523246	0	12
4074.96	0.890163	0.0468097	0	13
4077.96	0.914569	0.0436379	0	12
4080.96	0.951101	0.042353	0	12
4083.96	0.898346	0.0446428	0	13
4086.96	0.862956	0.0440513	0	13
4089.96	0.833199	0.0450261	0	12
4092.96	0.822557	0.0472104	0	13
4095.96	0.628427	0.0453846	0	13
4098.96	0.637365	0.0415535	0	14
4101.96	0.643297	0.0429523	0	14
4104.96	0.660933	0.0469581	0	13
4107.96	0.727415	0.0475302	0	14
4110.96	0.74502	0.044221	0	14
4113.96	0.826522	0.0425879	0	14
4116.96	0.910515	0.0459007	0	14
4119.96	0.88076	0.0468279	0	14
4122.96	0.909558	0.0421131	0	14
4125.96	0.950207	0.0406193	0	14
4128.96	0.764172	0.0564012	0	12
4131.96	0.895407	0.0437602	0	14
4134.96	0.923297	0.0439087	0	14
4137.96	0.965355	0.0374189	0	13
4140.96	0.931164	0.0477463	0	13
4143.96	0.952361	0.0428107	0	14
4146.96	0.871304	0.042131	0	14
4149.96	0.878641	0.0422354	0	13
4152.96	0.90146	0.0412818	0	12
4155.96	0.924503	0.0412686	0	13
4158.96	0.923566	0.0418102	0	12
4161.96	0.941652	0.0409821	0	12
4164.96	0.973208	0.0422435	0	13
4167.96	0.819792	0.0427351	0	13
4170.96	0.874491	0.049284	0	12
4173.96	0.973963	0.0517923	0	13
4176.96	0.924478	0.0480923	0	13
4179.96	0.917168	0.0441643	0	11
4182.96	0.973393	0.0438997	0	11
4185.96	1.05928	0.0467356	0	11
4188.96	1.04292	0.0471045	0	12
4191.96	0.958547	0.0438375	0	12
4194.96	0.954074	0.0404958	0	11
4197.96	0.878585	0.0531073	0	10
4200.96	0.953106	0.0506539	0	10
4203.96	0.921512	0.0429275	0	11
4206.96	0.976814	0.0475042	0	11
4209.96	0.965829	0.047715	0	10
4212.96	0.95845	0.0445052	0	13
4215.96	0.940371	0.0457569	0	12
4218.96	0.877054	0.0488834	0	12
4221.96	0.869926	0.0447806	0	13
4224.96	0.910895	0.0438714	0	12
4227.96	0.945003	0.0467615	0	13
4230.96	0.943639	0.0505042	0	12
4233.96	1.00691	0.0487354	0	12
4236.96	0.997691	0.0470305	0	12
4239.96	1.0102	0.0462493	0	12
4242.96	1.02316	0.0431168	0	13
4245.96	0.973859	0.0500366	0	12
4248.96	1.00325	0.050207	0	12
4251.96	0.993061	0.0503262	0	12
4254.96	0.895387	0.0517254	0	13
4257.96	0.953786	0.0506698	0	12
4260.96	0.955659	0.0504234	0	12
4263.96	0.976219	0.0492263	0	11
4266.96	0.950548	0.0509071	0	11
4269.96	0.911939	0.0495491	0	11
4272.96	0.987862	0.0502513	0	10
4275.96	0.954732	0.0498474	0	11
4278.96	0.878661	0.0490265	0	11
4281.96	0.898308	0.0508057	0	11
4284.96	0.954754	0.0456047	0	10
4287.96	0.933412	0.0456029	0	11
4290.96	0.88797	0.0485055	0	10
4293.96	0.835063	0.0493647	0	11
4296.96	0.896678	0.0440623	0	11
4299.96	0.821244	0.0450222	0	11
4302.96	0.834854	0.0451791	0	11
4305.96	0.787461	0.0430947	0	11
4308.96	0.836556	0.044457	0	11
4311.96	0.844548	0.0440043	0	10
4314.96	0.840774	0.0431555	0	11
4317.96	0.91071	0.0446048	0	11
4320.96	0.888917	0.0501418	0	11
4323.96	0.829915	0.047249	0	11
4326.96	0.92139	0.0534981	0	10
4329.96	0.861209	0.0499108	0	11
4332.96	0.838663	0.0576379	0	10
4335.96	0.737133	0.045832	0	11
4338.96	0.745063	0.0481177	0	12
4341.96	0.759299	0.0434358	0	12
4344.96	0.80278	0.0503527	0	11
4347.96	0.790887	0.0483567	0	12
4350.96	0.867864	0.0478685	0	12
4353.96	0.881494	0.0482944	0	11
4356.96	0.84198	0.0501385	0	9
4359.96	0.900176	0.0444787	0	9
4362.96	0.940823	0.0454867	0	9
4365.96	0.955833	0.0509055	0	9
4368.96	1.02007	0.0477014	0	9
4371.96	0.930345	0.0440759	0	9
4374.96	0.993831	0.0438489	0	9
4377.96	1.09773	0.0461603	0	9
4380.96	0.922284	0.0551427	0	8
4383.96	0.890265	0.0540221	0	8
4386.96	0.912185	0.0456142	0	7
4389.96	0.915555	0.0465483	0	8
4392.96	0.952039	0.0445889	0	8
4395.96	0.97191	0.070354	0	7
4398.96	0.980784	0.0437579	0	8
4401.96	1.0183	0.0453272	0	8
4404.96	1.03539	0.044318	0	8
4407.96	0.891572	0.0734126	0	7
4410.96	0.96172	0.043396	0	9
4413.96	1.02975	0.0433989	0	9
4416.96	0.988546	0.0395425	0	9
4419.96	0.987385	0.0498243	0	9
4422.96	0.956834	0.052105	0	8
4425.96	1.07629	0.059263	0	8
4428.96	1.05148	0.0497905	0	9
4431.96	1.00816	0.0508795	0	9
4434.96	1.00826	0.0508989	0	9
4437.96	1.04802	0.0596378	0	9
4440.96	1.02869	0.0455688	0	8
4443.96	0.994985	0.0397349	0	8
4446.96	1.10032	0.050169	0	8
4449.96	1.05782	0.0494803	0	7
4452.96	1.06087	0.0406008	0	6
4455.96	1.04582	0.0468636	0	7
4458.96	1.01652	0.0508827	0	7
4461.96	1.00987	0.0523946	0	7
4464.96	1.05137	0.0423765	0	7
4467.96	0.940282	0.0511369	0	6
4470.96	1.0598	0.0555649	0	5
4473.96	0.975741	0.0467253	0	5
4476.96	0.995152	0.0551046	0	5
4479.96	0.925066	0.0467085	0	5
4482.96	0.889551	0.0423349	0	5
4485.96	1.08458	0.072654	0	3
4488.96	1.02734	0.045032	0	5
4491.96	0.998578	0.0510044	0	5
4494.96	1.0459	0.0578966	0	5
4497.96	1.00483	0.044622	0	6
4500.96	1.02441	0.0684597	0	5
4503.96	0.924974	0.0471152	0	6
4506.96	1.01488	0.0475634	0	5
4509.96	1.02756	0.0476653	0	6
4512.96	1.10399	0.042445	0	6
4515.96	1.05264	0.0474562	0	5
4518.96	1.04763	0.0601329	0	5
4521.96	1.0984	0.0618544	0	5
4524.96	1.04155	0.0593984	0	5
4527.96	0.983691	0.0568763	0	5
4530.96	1.05372	0.0571926	0	5
4533.96	1.02676	0.0641465	0	5
4536.96	0.86759	0.0636436	0	5
4539.96	0.828967	0.0599805	0	4
4542.96	0.996088	0.0470768	0	5
4545.96	1.11212	0.0592613	0	5
4548.96	0.957658	0.0490138	0	5
4551.96	0.91732	0.0683474	0	5
4554.96	0.984008	0.061755	0	5
4557.96	1.09788	0.0521634	0	5
4560.96	0.942508	0.0585679	0	5
4563.96	1.01055	0.0563807	0	4
4566.96	0.968367	0.0404403	0	4
4569.96	1.0511	0.0502571	0	4
4572.96	0.980867	0.0579769	0	4
4575.96	0.954349	0.0563292	0	4
4578.96	0.876751	0.0527382	0	4
4581.96	1.01228	0.0661328	0	3
4584.96	0.960718	0.0448046	0	4
4587.96	0.922167	0.0405234	0	4
4590.96	0.933558	0.0826049	0	2
4593.96	0.967947	0.0502148	0	5
4596.96	0.991231	0.0416235	0	6
4599.96	0.932655	0.0416131	0	5
4602.96	1.02641	0.0363189	0	5
4605.96	1.05704	0.0452439	0	4
4608.96	1.0246	0.071592	0	4
4611.96	0.997705	0.0458852	0	7
4614.96	1.04911	0.0419309	0	6
4617.96	1.0481	0.0416927	0	7
4620.96	1.09492	0.0400507	0	8
4623.96	1.11753	0.0596713	0	7
4626.96	1.05476	0.0398588	0	7
4629.96	1.01718	0.0386004	0	8
4632.96	0.976014	0.0347497	0	8
4635.96	1.06603	0.0472024	0	8
4638.96	1.01286	0.0559315	0	7
4641.96	1.00341	0.0366826	0	8
4644.96	1.04836	0.0385219	0	8
4647.96	0.983472	0.0382739	0	8
4650.96	0.967623	0.0369838	0	8
4653.96	1.06739	0.032995	0	8
4656.96	1.0444	0.0521239	0	7
4659.96	1.03912	0.0415053	0	8
4662.96	1.00375	0.0520907	0	7
4665.96	0.992885	0.0472966	0	8
4668.96	1.0154	0.0465008	0	8
4671.96	1.03233	0.0410226	0	8
4674.96	0.978436	0.0414884	0	8
4677.96	0.991015	0.0393273	0	8
4680.96	0.943763	0.0378828	0	6
4683.96	0.980866	0.0326809	0	8
4686.96	0.965981	0.0362603	0	9
4689.96	1.011	0.0412832	0	8
4692.96	1.05807	0.0349695	0	8
4695.96	1.00606	0.0311496	0	8
4698.96	1.06536	0.0458889	0	8
4701.96	0.985649	0.0352061	0	10
4704.96	1.03269	0.0331955	0	10
4707.96	1.06662	0.034941	0	8
4710.96	1.03999	0.0313843	0	10
4713.96	1.03518	0.0323116	0	11
4716.96	1.00507	0.0321071	0	11
4719.96	1.04946	0.0292875	0	12
4722.96	1.0441	0.0268771	0	11
4725.96	0.998498	0.0310602	0	10
4728.96	1.0732	0.0356341	0	10
4731.96	1.03805	0.0337443	0	11
4734.96	1.00373	0.027992	0	11
4737.96	1.03909	0.032724	0	12
4740.96	1.02313	0.0320688	0	11
4743.96	1.06529	0.0510156	0	9
4746.96	1.00164	0.0320045	0	12
4749.96	1.06916	0.0300384	0	11
4752.96	1.0096	0.0326985	0	12
4755.96	1.03251	0.0300187	0	11
4758.96	1.01087	0.0373156	0	12
4761.96	1.00425	0.0338516	0	12
4764.96	1.02028	0.031581	0	11
4767.96	1.00655	0.0308093	0	11
4770.96	1.03423	0.0289308	0	11
4773.96	1.04837	0.0295516	0	11
4776.96	1.04014	0.0319708	0	12
4779.96	1.03221	0.0270079	0	10
4782.96	1.07562	0.0251028	0	9
4785.96	1.02337	0.0272915	0	12
4788.96	1.01597	0.0296952	0	12
4791.96	1.10382	0.0322516	0	10
4794.96	1.04333	0.0249559	0	12
4797.96	1.04938	0.030038	0	10
4800.96	0.970828	0.0340578	0	9
4803.96	1.00892	0.0301356	0	12
4806.96	1.07173	0.0324566	0	11
4809.96	1.05079	0.0348141	0	11
4812.96	1.01058	0.0302865	0	13
4815.96	1.02971	0.0269888	0	13
4818.96	1.03836	0.031299	0	13
4821.96	1.03759	0.034496	0	12
4824.96	0.984382	0.02441	0	14
4827.96	1.01092	0.0235905	0	12
4830.96	1.00458	0.0249814	0	13
4833.96	0.956867	0.0235315	0	13
4836.96	1.02797	0.0299462	0	12
4839.96	0.999572	0.0230154	0	14
4842.96	0.971916	0.0279833	0	13
4845.96	0.908072	0.0238018	0	12
4848.96	0.883209	0.0240677	0	14
4851.96	0.838586	0.026755	0	13
4854.96	0.765437	0.02935	0	11
4857.96	0.748416	0.0361003	0	11
4860.96	0.731372	0.0330327	0	12
4863.96	0.757527	0.0287632	0	13
4866.96	0.685636	0.0312762	0	12
4869.96	0.757872	0.0279183	0	11
4872.96	0.812002	0.0251787	0	13
4875.96	0.867871	0.0248077	0	12
4878.96	0.895861	0.0291939	0	13
4881.96	0.955571	0.0257545	0	12
4884.96	0.924464	0.0245462	0	12
4887.96	0.97058	0.025374	0	11
4890.96	1.03765	0.0334696	0	11
4893.96	1.05753	0.0361228	0	10
4896.96	0.959278	0.0260022	0	12
4899.96	0.972857	0.0262214	0	12
4902.96	1.10286	0.0303581	0	12
4905.96	1.05214	0.0320426	0	10
4908.96	0.988341	0.026039	0	13
4911.96	0.975836	0.0335336	0	11
4914.96	0.987441	0.0247892	0	12
4917.96	0.996613	0.0252958	0	13
4920.96	1.05513	0.034379	0	9
4923.96	1.03336	0.0258458	0	12
4926.96	1.04194	0.0237796	0	12
4929.96	1.01564	0.0288819	0	10
4932.96	1.03311	0.0223677	0	12
4935.96	1.02138	0.0221639	0	13
4938.96	1.09159	0.0291265	0	12
4941.96	0.979388	0.02792	0	10
4944.96	1.0364	0.0253016	0	11
4947.96	1.11362	0.0246486	0	12
4950.96	1.03285	0.0256237	0	13
4953.96	1.05647	0.0274239	0	12
4956.96	1.01906	0.0266363	0	12
4959.96	1.08882	0.0321664	0	11
4962.96	1.07856	0.0297687	0	11
4965.96	0.989763	0.0249133	0	13
4968.96	1.03178	0.0257865	0	13
4971.96	1.0356	0.0294062	0	11
4974.96	0.972499	0.0294393	0	11
4977.96	0.948064	0.0262369	0	11
4980.96	0.946433	0.0252153	0	12
4983.96	0.965083	0.0242498	0	12
4986.96	1.04735	0.0266711	0	13
4989.96	0.996658	0.02858	0	13
4992.96	0.966818	0.0288753	0	11
4995.96	0.972873	0.0220077	0	12
4998.96	1.05012	0.0271998	0	12
5001.96	0.979588	0.0247819	0	13
5004.96	1.04991	0.0239735	0	12
5007.96	1.01046	0.0237404	0	13
5010.96	0.972814	0.0270162	0	10
5013.96	0.965107	0.0259969	0	12
5016.96	0.960325	0.027258	0	12
5019.96	0.972451	0.0269227	0	11
5022.96	0.966012	0.0239934	0	11
5025.96	0.985202	0.0267885	0	11
5028.96	0.99722	0.0236461	0	12
5031.96	0.99114	0.0228497	0	12
5034.96	0.985278	0.0241696	0	11
5037.96	0.962266	0.0256374	0	10
5040.96	0.99491	0.0240749	0	10
5043.96	1.02248	0.0227975	0	11
5046.96	0.923613	0.0245206	0	10
5049.96	0.979269	0.0217442	0	12
5052.96	1.0192	0.0220237	0	13
5055.96	0.973517	0.0214354	0	11
5058.96	0.999858	0.0292888	0	8
5061.96	1.02738	0.0254514	0	12
5064.96	1.02389	0.0236692	0	12
5067.96	1.0362	0.0246417	0	12
5070.96	0.999168	0.0234384	0	11
5073.96	1.07705	0.0417945	0	9
5076.96	0.950894	0.0268368	0	10
5079.96	0.948855	0.0264535	0	12
5082.96	0.956594	0.0217354	0	13
5085.96	0.980963	0.0243389	0	12
5088.96	1.03976	0.0344496	0	10
5091.96	0.906932	0.0238993	0	11
5094.96	0.959391	0.0214627	0	12
5097.96	0.962993	0.025045	0	13
5100.96	0.98315	0.0237548	0	12
5103.96	0.951952	0.0207243	0	12
5106.96	0.95624	0.0282102	0	10
5109.96	0.972706	0.0286518	0	11
5112.96	0.986914	0.0226626	0	13
5115.96	1.06143	0.0238308	0	13
5118.96	1.02885	0.0243878	0	13
5121.96	0.990179	0.0287646	0	12
5124.96	0.931636	0.0355608	0	10
5127.96	0.99535	0.0241376	0	12
5130.96	0.962434	0.0223681	0	12
5133.96	0.917429	0.024589	0	11
5136.96	0.921014	0.0218102	0	13
5139.96	0.928345	0.0233307	0	10
5142.96	0.920586	0.0238657	0	13
5145.96	0.969772	0.022592	0	10
5148.96	1.04979	0.0275428	0	10
5151.96	0.945383	0.0195135	0	13
5154.96	0.939893	0.024822	0	12
5157.96	1.03164	0.0295716	0	9
5160.96	0.998626	0.0266007	0	11
5163.96	0.878243	0.0308175	0	10
5166.96	0.857473	0.0262156	0	9
5169.96	0.875898	0.0268414	0	10
5172.96	0.929012	0.0371378	0	9
5175.96	0.920075	0.0247312	0	11
5178.96	0.952551	0.0334825	0	9
5181.96	0.868201	0.0227727	0	10
5184.96	0.981866	0.0354235	0	9
5187.96	0.973565	0.031251	0	11
5190.96	0.984349	0.0246958	0	11
5193.96	0.922398	0.0216948	0	12
5196.96	0.964146	0.0247682	0	11
5199.96	0.940902	0.0360758	0	7
5202.96	0.912024	0.0222057	0	11
5205.96	1.03404	0.0255071	0	10
5208.96	0.956315	0.0208711	0	12
5211.96	0.915366	0.0240247	0	10
5214.96	0.920856	0.0254137	0	11
5217.96	0.917906	0.0243921	0	9
5220.96	0.935194	0.0236556	0	12
5223.96	1.07998	0.0302855	0	9
5226.96	0.973155	0.02245	0	11
5229.96	0.984292	0.0238994	0	10
5232.96	1.01634	0.0270164	0	8
5235.96	1.05682	0.0223512	0	10
5238.96	1.0165	0.0245098	0	10
5241.96	1.02268	0.0216528	0	11
5244.96	1.01634	0.0207284	0	12
5247.96	0.963004	0.0238126	0	11
5250.96	0.990891	0.0230477	0	9
5253.96	1.00425	0.0227695	0	12
5256.96	1.05723	0.0235362	0	12
5259.96	0.983309	0.0230753	0	11
5262.96	0.932096	0.0269606	0	9
5265.96	1.00445	0.0327575	0	9
5268.96	1.00315	0.0268673	0	9
5271.96	1.06348	0.0292973	0	11
5274.96	1.06348	0.0262519	0	12
5277.96	1.0365	0.026345	0	11
5280.96	1.06614	0.0241157	0	12
5283.96	1.04256	0.0268729	0	9
5286.96	0.987392	0.0324101	0	11
5289.96	1.00722	0.0250616	0	11
5292.96	0.988004	0.0222528	0	12
5295.96	1.00276	0.0203527	0	11
5298.96	1.04597	0.024677	0	10
5301.96	1.08304	0.0263562	0	8
5304.96	1.05626	0.0208816	0	10
5307.96	1.04212	0.019946	0	11
5310.96	1.05799	0.0198707	0	10
5313.96	1.10899	0.0279639	0	10
5316.96	0.984825	0.0230793	0	9
5319.96	0.91448	0.0220693	0	11
5322.96	1.00876	0.022199	0	10
5325.96	1.04309	0.022061	0	13
5328.96	0.97958	0.0242238	0	13
5331.96	0.995587	0.0268485	0	12
5334.96	1.12291	0.0359774	0	8
5337.96	0.974812	0.0282566	0	10
5340.96	0.984361	0.0220338	0	11
5343.96	1.00579	0.0178028	0	13
5346.96	1.11999	0.0253695	0	12
5349.96	1.09889	0.0283431	0	10
5352.96	1.07681	0.0205255	0	13
5355.96	1.07742	0.0209071	0	11
5358.96	1.05973	0.0208636	0	13
5361.96	1.07268	0.0218192	0	12
5364.96	1.09195	0.0247475	0	12
5367.96	1.10849	0.0254169	0	11
5370.96	1.00213	0.0224506	0	13
5373.96	1.05784	0.0221202	0	13
5376.96	1.04088	0.0203018	0	11
5379.96	1.03775	0.0234073	0	12
5382.96	1.08066	0.022175	0	12
5385.96	1.07192	0.02496	0	12
5388.96	1.14546	0.0265937	0	11
5391.96	1.00652	0.0220681	0	12
5394.96	1.03087	0.0251232	0	11
5397.96	1.0003	0.0238706	0	12
5400.96	1.08428	0.0313917	0	11
5403.96	0.968908	0.0246256	0	12
5406.96	0.953304	0.0204034	0	12
5409.96	0.950346	0.0204805	0	12
5412.96	1.00101	0.0191549	0	11
5415.96	1.00436	0.0216846	0	12
5418.96	1.04624	0.0301846	0	10
5421.96	1.00366	0.0194188	0	12
5424.96	1.04274	0.0220504	0	11
5427.96	1.00201	0.021572	0	13
5430.96	1.01408	0.0276271	0	9
5433.96	0.997818	0.0203219	0	13
5436.96	1.03468	0.0204887	0	11
5439.96	1.07914	0.0228412	0	11
5442.96	1.08561	0.0230773	0	11
5445.96	1.00165	0.0205601	0	13
5448.96	0.977421	0.0207737	0	11
5451.96	1.04706	0.0229666	0	12
5454.96	1.06816	0.0228212	0	11
5457.96	1.00339	0.018556	0	12
5460.96	1.03491	0.0196576	0	12
5463.96	1.08511	0.0236175	0	11
5466.96	1.08604	0.0302346	0	10
5469.96	0.974673	0.024357	0	11
5472.96	1.0184	0.0217603	0	13
5475.96	1.05145	0.0235102	0	12
5478.96	1.03124	0.0225445	0	12
5481.96	0.969683	0.0230798	0	10
5484.96	0.999441	0.0247699	0	11
5487.96	1.05812	0.0267367	0	12
5490.96	1.03227	0.0199821	0	13
5493.96	1.04802	0.0194449	0	13
5496.96	1.02639	0.0248571	0	12
5499.96	1.13311	0.0332843	0	8
5502.96	1.12807	0.0289971	0	9
5505.96	1.12541	0.0274962	0	11
5508.96	1.00861	0.0196435	0	12
5511.96	1.01339	0.0224847	0	12
5514.96	0.97992	0.0262724	0	11
5517.96	1.0164	0.0218651	0	12
5520.96	1.06944	0.0234936	0	10
5523.96	1.0149	0.0322957	0	9
5526.96	0.958283	0.0199642	0	12
5529.96	0.954972	0.0210125	0	12
5532.96	0.976534	0.023385	0	11
5535.96	0.982348	0.0239986	0	12
5538.96	1.00527	0.0214509	0	12
5541.96	1.00341	0.0202106	0	13
5544.96	1.01447	0.0215619	0	13
5547.96	1.01854	0.0197413	0	13
5550.96	1.029	0.0239308	0	10
5553.96	1.03335	0.0232019	0	10
5556.96	1.04141	0.0227479	0	10
5559.96	1.04954	0.0247653	0	12
5562.96	1.0591	0.0227969	0	12
5565.96	1.00143	0.0203186	0	12
5568.96	1.03172	0.0290171	0	9
5571.96	1.06124	0.0278208	0	12
5574.96	1.05811	0.028332	0	10
5577.96	0.994056	0.021975	0	11
5580.96	0.978844	0.0249497	0	12
5583.96	1.03562	0.0267793	0	11
5586.96	1.03322	0.0251888	0	11
5589.96	0.937651	0.0237227	0	9
5592.96	1.00153	0.0277176	0	9
5595.96	1.02951	0.031788	0	9
5598.96	1.00352	0.0227606	0	11
5601.96	1.01729	0.0235104	0	10
5604.96	1.04871	0.0276069	0	9
5607.96	1.04084	0.0233704	0	11
5610.96	1.00922	0.0274764	0	10
5613.96	1.00771	0.0274019	0	9
5616.96	1.01863	0.0230561	0	10
5619.96	1.10887	0.0264533	0	11
5622.96	1.02736	0.0275784	0	9
5625.96	1.08952	0.0306632	0	7
5628.96	1.06429	0.026404	0	10
5631.96	1.04373	0.02385	0	10
5634.96	1.02989	0.0242597	0	11
5637.96	1.0049	0.025771	0	10
5640.96	1.05495	0.024717	0	9
5643.96	1.03503	0.0269765	0	9
5646.96	1.04023	0.025785	0	9
5649.96	1.02783	0.0241587	0	12
5652.96	1.03383	0.0254102	0	11
5655.96	1.01053	0.0231106	0	12
5658.96	1.05357	0.026131	0	11
5661.96	1.00362	0.0256384	0	11
5664.96	1.04731	0.024825	0	11
5667.96	1.00928	0.0272555	0	10
5670.96	0.9913	0.0254238	0	9
5673.96	1.07405	0.0230121	0	11
5676.96	1.07544	0.0242586	0	10
5679.96	1.06412	0.0228326	0	11
5682.96	1.08345	0.0263555	0	11
5685.96	1.06725	0.0272226	0	9
5688.96	1.01193	0.0246378	0	9
5691.96	1.11294	0.0264789	0	11
5694.96	1.12774	0.0282176	0	11
5697.96	1.07957	0.0262287	0	10
5700.96	1.061	0.02542	0	11
5703.96	1.04503	0.0267001	0	10
5706.96	1.04417	0.0269653	0	11
5709.96	0.97878	0.026818	0	9
5712.96	0.986942	0.0263963	0	11
5715.96	1.00494	0.025401	0	11
5718.96	1.0331	0.0252912	0	11
5721.96	1.04232	0.0278532	0	11
5724.96	1.03591	0.0271004	0	10
5727.96	1.07485	0.0299503	0	9
5730.96	1.07796	0.02628	0	9
5733.96	1.07357	0.0279983	0	10
5736.96	0.917685	0.0319491	0	9
5739.96	1.03771	0.0266292	0	11
5742.96	1.03421	0.029155	0	10
5745.96	1.08003	0.0289938	0	10
5748.96	1.07161	0.0277462	0	9
5751.96	1.12505	0.0302749	0	10
5754.96	1.15003	0.0283136	0	10
5757.96	1.0765	0.0265758	0	10
5760.96	1.06245	0.02965	0	10
5763.96	1.06414	0.0294638	0	11
5766.96	1.06875	0.0328758	0	11
5769.96	0.991407	0.0371717	0	7
5772.96	1.03836	0.0280094	0	10
5775.96	1.0142	0.0329625	0	10
5778.96	1.02303	0.0284372	0	10
5781.96	1.00056	0.0325254	0	8
5784.96	1.02685	0.0333003	0	8
5787.96	1.07917	0.0306359	0	9
5790.96	1.1147	0.0286707	0	9
5793.96	1.07034	0.0316805	0	9
5796.96	1.08345	0.0375729	0	7
5799.96	1.08508	0.0320246	0	8
5802.96	1.07201	0.0353067	0	7
5805.96	1.10816	0.0357215	0	8
5808.96	1.07507	0.0354968	0	8
5811.96	1.04542	0.0315134	0	8
5814.96	1.10021	0.0380151	0	7
5817.96	1.08555	0.0384138	0	6
5820.96	1.07366	0.0341414	0	7
5823.96	1.10392	0.0311665	0	7
5826.96	1.07616	0.0326759	0	7
5829.96	1.16959	0.0435361	0	6
5832.96	1.15416	0.0347118	0	7
5835.96	1.07209	0.0334588	0	7
5838.96	1.11089	0.0314709	0	6
5841.96	1.09304	0.0431183	0	7
5844.96	1.13615	0.0484613	0	6
5847.96	1.16989	0.0404789	0	6
5850.96	1.03704	0.0547908	0	4
5853.96	0.906573	0.0361254	0	7
5856.96	1.00262	0.0358413	0	7
5859.96	1.06094	0.0369123	0	7
5862.96	1.03284	0.0337045	0	7
5865.96	1.08692	0.0322252	0	7
5868.96	1.23722	0.0497194	0	5
5871.96	1.10132	0.0487478	0	6
5874.96	1.09106	0.0331133	0	6
5877.96	1.01092	0.0357062	0	6
5880.96	1.02035	0.0364772	0	7
5883.96	0.948832	0.0382656	0	7
5886.96	0.838126	0.0373215	0	6
5889.96	0.894218	0.0364259	0	6
5892.96	0.840961	0.0379434	0	6
5895.96	0.910403	0.0432692	0	4
5898.96	0.991034	0.0412265	0	6
5901.96	1.04353	0.0418794	0	6
5904.96	1.05539	0.0437677	0	6
5907.96	1.10227	0.0505054	0	5
5910.96	1.11612	0.0626541	0	5
5913.96	1.09271	0.0468258	0	3
5916.96	1.20755	0.103063	0	3
5919.96	1.03704	0.0664133	0	4
5922.96	0.918522	0.0553076	0	4
5925.96	1.03534	0.0520541	0	5
5928.96	1.17368	0.0454656	0	5
5931.96	1.00153	0.0566756	0	2
5934.96	1.26965	0.0849418	0	2
5937.96	1.36937	0.0642564	0	2
5940.96	1.34232	0.0550169	0	2
5943.96	1.32648	0.0601307	0	2
5946.96	1.29728	0.0871199	0	2
5949.96	1.23479	0.0705584	0	2
5952.96	1.17226	0.0600761	0	2
5955.96	1.03364	0.0735325	0	2
5958.96	1.22517	0.0704739	0	2
5961.96	1.24053	0.109515	0	2
5964.96	1.40097	0.117687	0	1
5967.96	1.17066	0.0732704	0	2
5970.96	1.18516	0.0718294	0	1
5973.96	1.15539	0.107219	0	2
5976.96	1.11719	0.101151	0	2
5979.96	1.11538	0.117616	0	2
5982.96	1.30927	0.081609	0	2
5985.96	1.37482	0.0985296	0	2
5988.96	1.17081	0.10764	0	2
5991.96	1.27564	0.0955818	0	2
5994.96	1.24084	0.123712	0	1
5997.96	1.24043	0.0827304	0	2
6000.96	1.22595	0.0714381	0	2
6003.96	1.1574	0.0882576	0	2
6006.96	1.23832	0.0878224	0	2
6009.96	1.1985	0.0842849	0	2
6012.96	1.30581	0.117972	0	1
6015.96	1.11665	0.159401	0	1
6018.96	1.28736	0.239144	0	1
6021.96	1.15747	0.187959	0	1
6024.96	1.37358	0.234529	0	1
6027.96	1.26871	0.19022	0	1
6030.96	0.549726	0.293844	0	1
6033.96	1.05012	0.194745	0	1
6036.96	1.23134	0.181597	0	1
6039.96	0.41055	0.0406175	1	0
6042.96	0.765306	0.190883	0	1
6045.96	1.33359	0.134784	0	1
6048.96	1.70729	0.184071	0	1
6051.96	1.31074	0.162856	0	1
6054.96	1.16408	0.15521	0	1
6057.96	0.469535	0.060932	1	0
6060.96	0.517431	0.0650557	1	0
6063.96	0.917292	0.0569314	1	0
6066.96	1.0124	0.054909	1	0
6069.96	0.676655	0.051369	1	0
6072.96	0.678625	0.0648687	1	0
6075.96	0.863896	0.0773158	1	0
6078.96	0.846906	0.092998	1	0
6081.96	0.745104	0.0875587	1	0
6084.96	0.947946	0.0666286	1	0
6087.96	0.982279	0.0613074	1	0
6090.96	0.864012	0.0797496	1	0
6093.96	0.795206	0.0653486	1	0
6096.96	0.859705	0.0749372	1	0
6099.96	1.02167	0.0743705	1	0
6102.96	0.685904	0.0653159	1	0
6105.96	0.871259	0.0509567	1	0
6108.96	0.97611	0.0617009	1	0
6111.96	0.854382	0.0611212	1	0
6114.96	0.662741	0.057214	1	0
6117.96	0.619736	0.0571652	1	0
6120.96	0.63414	0.066503	1	0
6123.96	0.786383	0.0508782	1	0
6126.96	0.979683	0.0783618	0	1
6129.96	0.810517	0.0910019	0	1
6132.96	0.984209	0.0615739	0	1
6135.96	0.840601	0.0606695	0	1
6138.96	0.912371	0.0692682	0	1
6141.96	0.94167	0.0753392	0	1
6144.96	0.861468	0.0571952	0	1
6147.96	0.870491	0.0659924	0	1
6150.96	0.851708	0.0636814	0	1
6153.96	0.749056	0.0573436	0	1
6156.96	0.834517	0.0855844	0	1
6159.96	0.934011	0.105918	0	1
6162.96	0.817509	0.0676216	0	1
6165.96	0.978314	0.0747337	0	1
6168.96	0.799587	0.0591921	0	1
6171.96	0.81329	0.0610509	0	1
6174.96	0.836478	0.0654948	0	1
6177.96	0.851128	0.0786329	0	1
6180.96	0.922353	0.0843555	0	1
6183.96	0.745741	0.0679102	1	0
6186.96	0.927308	0.0678918	1	0
6189.96	0.634986	0.0752654	1	0
6192.96	0.555924	0.0856839	1	0
6195.96	0.507258	0.0842391	1	0
6198.96	0.967696	0.250642	0	1
6201.96	0.670478	0.120187	0	1
6204.96	0.774658	0.105278	0	1
6207.96	1.08375	0.140786	0	1
6210.96	0.971367	0.104315	0	1
6213.96	0.965729	0.117637	0	1
6216.96	0.8559	0.136051	0	1
6219.96	1.11773	0.167218	0	1
6222.96	0.86463	0.0887684	0	1
6225.96	0.877527	0.09584	0	1
6228.96	0.856616	0.112211	0	2
6231.96	0.49103	0.0890116	0	2
6234.96	0.678078	0.083618	0	2
6237.96	0.631595	0.151246	0	1
6240.96	0.809423	0.166397	0	1
6243.96	0.816734	0.0732162	0	2
6246.96	0.773557	0.0882131	0	2
6249.96	0.725394	0.0862551	0	2
6252.96	0.799716	0.0560322	0	2
6255.96	0.855341	0.0574856	0	2
6258.96	0.821248	0.061738	0	2
6261.96	0.800786	0.055593	0	2
6264.96	0.744634	0.0474291	0	2
6267.96	0.85088	0.0583971	0	2
6270.96	0.813536	0.0491812	0	2
6273.96	0.828373	0.0573944	0	1
6276.96	0.705055	0.072054	0	2
6279.96	0.697856	0.0760359	0	2
6282.96	0.801626	0.0500205	0	2
6285.96	0.883309	0.0506032	0	2
6288.96	0.810719	0.0475154	0	2
6291.96	0.840553	0.0500073	0	2
6294.96	0.766499	0.0717068	0	1
6297.96	0.802846	0.0868596	0	1
6300.96	0.881951	0.0537865	0	2
6303.96	0.835593	0.0578895	0	2
6306.96	0.885348	0.0585975	0	2
6309.96	0.766481	0.0654097	0	1
6312.96	0.763714	0.0736965	0	1
6315.96	0.654379	0.05897	1	0
6318.96	0.808953	0.0563222	1	0
6321.96	0.903405	0.0798617	0	1
6324.96	0.855292	0.0718483	0	1
6327.96	0.86593	0.0732583	0	1
6330.96	0.945715	0.0689665	0	2
6333.96	0.824742	0.0656352	0	3
6336.96	0.816128	0.0595696	0	4
6339.96	0.76753	0.0586451	0	4
6342.96	0.719293	0.0936492	0	3
6345.96	0.678891	0.0830507	0	4
6348.96	0.709553	0.0695786	0	4
6351.96	0.855624	0.0787641	0	4
6354.96	0.754063	0.0798041	0	4
6357.96	0.846367	0.0637284	0	5
6360.96	0.811971	0.0626792	0	5
6363.96	0.918734	0.0780444	0	4
6366.96	0.788325	0.0686985	0	5
6369.96	0.929901	0.0756314	0	4
6372.96	0.940197	0.0558125	0	6
6375.96	0.930326	0.0583254	0	5
6378.96	0.879737	0.0474807	0	6
6381.96	0.944037	0.047475	0	6
6384.96	0.817439	0.0536582	0	5
6387.96	0.836953	0.0502107	0	5
6390.96	0.909186	0.0436479	0	5
6393.96	0.769749	0.0479148	0	4
6396.96	0.790291	0.0553912	0	4
6399.96	0.938899	0.0469231	0	5
6402.96	0.814982	0.0455343	0	5
6405.96	0.811461	0.0445206	0	5
6408.96	0.95812	0.0401532	0	5
6411.96	0.902814	0.0416734	0	4
6414.96	1.07082	0.0537658	0	4
6417.96	0.825885	0.0580626	0	4
6420.96	0.807848	0.0413885	0	5
6423.96	0.865303	0.03825	0	5
6426.96	0.722061	0.0379472	0	5
6429.96	0.868606	0.0365463	0	5
6432.96	0.866882	0.0390751	0	5
6435.96	0.935605	0.047318	0	5
6438.96	0.912508	0.0579444	0	4
6441.96	0.99738	0.0573719	0	4
6444.96	0.93067	0.0460993	0	5
6447.96	1.16858	0.0437444	0	5
6450.96	1.04949	0.0486294	0	4
6453.96	0.952264	0.0497641	0	4
6456.96	0.969414	0.0502427	0	5
6459.96	0.90875	0.0516856	0	6
6462.96	0.874494	0.0524973	0	6
6465.96	1.00157	0.0722371	0	5
6468.96	0.773018	0.0705465	0	5
6471.96	0.759173	0.0665567	0	5
6474.96	0.840656	0.0599588	0	7
6477.96	0.69029	0.0611537	0	7
6480.96	0.802066	0.0645007	0	7
6483.96	0.827875	0.0720295	0	7
6486.96	0.905063	0.0795569	0	6
6489.96	1.01323	0.0814034	0	5
6492.96	0.849015	0.0811043	0	6
6495.96	0.879089	0.0635811	0	6
6498.96	0.823093	0.0537707	0	7
6501.96	0.82209	0.059871	0	7
6504.96	0.811486	0.0588171	0	8
6507.96	0.972502	0.0572707	0	8
6510.96	0.954902	0.0598677	0	7
6513.96	1.0076	0.0725604	0	6
6516.96	0.892356	0.0539155	0	7
6519.96	0.942539	0.054753	0	7
6522.96	0.861743	0.0666602	0	6
6525.96	0.905071	0.0536804	0	7
6528.96	0.860357	0.0458996	0	7
6531.96	0.78566	0.0497403	0	7
6534.96	0.851911	0.0517807	0	6
6537.96	0.883144	0.0572071	0	6
6540.96	0.86341	0.0473606	0	7
6543.96	0.893325	0.0516893	0	6
6546.96	0.940495	0.047946	0	7
6549.96	0.899053	0.0395352	0	7
6552.96	0.881686	0.0403079	0	7
6555.96	0.87004	0.0456535	0	7
6558.96	0.841662	0.047182	0	6
6561.96	0.879024	0.0416857	0	7
6564.96	0.896606	0.0369554	0	8
6567.96	0.844394	0.0386827	0	8
6570.96	0.910731	0.0360251	0	7
6573.96	0.91911	0.0378505	0	6
6576.96	0.895483	0.047971	0	5
6579.96	0.957826	0.0466619	0	5
6582.96	1.03332	0.0443065	0	6
6585.96	0.995097	0.0454688	0	7
6588.96	1.00511	0.0464466	0	7
6591.96	0.962806	0.0408453	0	7
6594.96	1.07758	0.0452622	0	6
6597.96	0.997422	0.0427063	0	8
6600.96	0.896118	0.0457776	0	7
6603.96	0.98711	0.0489215	0	6
6606.96	1.01224	0.0479085	0	6
6609.96	0.954251	0.0505925	0	6
6612.96	1.13451	0.0497266	0	7
6615.96	1.13748	0.0528451	0	8
6618.96	1.08738	0.064625	0	6
6621.96	1.20397	0.0704865	0	7
6624.96	1.04217	0.0633268	0	6
6627.96	0.968241	0.0668749	0	8
6630.96	0.84099	0.092999	0	6
6633.96	1.01943	0.066511	0	7
6636.96	1.04301	0.0652255	0	8
6639.96	0.926871	0.0641558	0	9
6642.96	0.933635	0.0641483	0	9
6645.96	1.10627	0.0635143	0	8
6648.96	1.15765	0.0618626	0	8
6651.96	1.08883	0.0637579	0	8
6654.96	1.07256	0.0720003	0	7
6657.96	1.12747	0.0656701	0	7
6660.96	1.01646	0.0593296	0	8
6663.96	1.01661	0.060777	0	7
6666.96	0.983148	0.057283	0	7
6669.96	0.918952	0.0580459	0	8
6672.96	0.911415	0.0665759	0	7
6675.96	0.977501	0.0627452	0	7
6678.96	1.16533	0.0746774	0	5
6681.96	1.21592	0.0705443	0	6
6684.96	1.0918	0.0640037	0	6
6687.96	1.08473	0.0590757	0	6
6690.96	0.958512	0.0563566	0	6
6693.96	0.861035	0.0561863	0	6
6696.96	0.825426	0.0542377	0	6
6699.96	0.992389	0.065911	0	5
6702.96	1.03845	0.0685981	0	5
6705.96	0.964124	0.0564518	0	5
6708.96	0.846447	0.0613888	0	5
6711.96	0.882236	0.079755	0	3
6714.96	0.862489	0.0584692	0	6
6717.96	0.919703	0.0564936	0	6
6720.96	0.852916	0.0575413	0	6
6723.96	0.886679	0.0712807	0	4
6726.96	1.01091	0.0807677	0	2
6729.96	0.930519	0.0656419	0	5
6732.96	0.895122	0.0778868	0	4
6735.96	1.1593	0.0730515	0	5
6738.96	0.940917	0.0535095	0	6
6741.96	0.815225	0.0558772	0	6
6744.96	1.03092	0.0589802	0	5
6747.96	0.842777	0.0605189	0	4
6750.96	0.799975	0.0661862	0	4
6753.96	0.958105	0.0857129	0	4
6756.96	0.926255	0.119484	0	3
6759.96	1.03391	0.115269	0	4
6762.96	1.00356	0.0696034	0	6
6765.96	1.04169	0.0696663	0	6
6768.96	0.920584	0.0687838	0	6
6771.96	0.875519	0.0706593	0	6
6774.96	0.879501	0.0721926	0	6
6777.96	0.982333	0.0771418	0	5
6780.96	1.12805	0.0832644	0	5
6783.96	1.07003	0.105613	0	4
6786.96	0.873575	0.0834424	0	5
6789.96	1.11446	0.07807	0	5
6792.96	0.948526	0.0798024	0	5
6795.96	1.09288	0.0673244	0	6
6798.96	0.935574	0.151604	0	3
6801.96	1.1213	0.119969	0	4
6804.96	1.17351	0.148717	0	3
6807.96	0.975413	0.106848	0	4
6810.96	1.29911	0.102301	0	4
6813.96	1.20697	0.101523	0	4
6816.96	1.221	0.086163	0	4
6819.96	1.16835	0.114287	0	2
6822.96	1.16809	0.0988142	0	3
6825.96	1.10514	0.0856631	0	3
6828.96	1.18998	0.114161	0	2
6831.96	1.27416	0.107535	0	2
6834.96	1.08809	0.107676	0	2
6837.96	1.17702	0.105921	0	2
6840.96	1.60855	0.242431	0	1
6843.96	1.10558	0.226241	0	1
6846.96	0.813981	0.261283	0	1
6849.96	0.883937	0.0938881	1	0
6852.96	1.24993	0.128168	0	1
6855.96	1.33798	0.117273	0	2
6858.96	1.29318	0.111127	0	2
6861.96	1.28082	0.112399	0	2
6864.96	1.38753	0.120439	0	2
6867.96	1.2935	0.126612	0	2
6870.96	1.02691	0.164712	0	1
6873.96	0.962706	0.134803	1	0
6876.96	1.24736	0.144504	0	2
6879.96	1.45694	0.147436	0	2
6882.96	1.41319	0.146842	0	2
6885.96	1.01023	0.153138	0	2
6888.96	0.989566	0.154886	0	2
6891.96	0.71132	0.181207	0	2
6894.96	1.4384	0.2976	0	1
6897.96	0.968409	0.269423	0	1
6900.96	0.717935	0.190695	0	2
6903.96	1.08325	0.159288	0	2
6906.96	1.08821	0.145052	0	2
6909.96	1.32205	0.137045	0	2
6912.96	0.969056	0.146523	0	2
6915.96	1.48073	0.158773	0	2
6918.96	1.13338	0.248169	0	1
6921.96	0.382766	0.290539	0	1
6924.96	0.984381	0.152081	1	0
6927.96	0.907018	0.32325	0	1
6930.96	1.15147	0.334284	0	1
6933.96	0.0348919	0.354328	0	1
6936.96	0.978408	0.385788	0	1
6939.96	1.5587	0.38543	0	1
6942.96	0.532536	0.430821	0	1
6945.96	0.781268	0.501922	0	1
6948.96	0.728753	0.427483	0	1
6951.96	0.175633	0.513747	0	1
6954.96	1.12664	0.353068	0	1
6957.96	1.76834	0.298399	0	1
6960.96	1.15413	0.279906	0	1
6963.96	0.818807	0.310655	0	1
6966.96	0.200931	0.341716	0	1
6969.96	0.268664	0.2206	1	0
6972.96	0.358744	0.23032	1	0
6975.96	0.109382	0.230482	1	0
6978.96	0.310591	0.237982	1	0
6981.96	0.598713	0.242092	1	0
6984.96	0.291559	0.243468	1	0
6987.96	-0.101925	0.244777	1	0
6990.96	0.216739	0.249554	1	0
6993.96	0.343076	0.257181	1	0
6996.96	0.145058	0.25942	1	0
6999.96	0.245789	0.26332	1	0
7002.96	0.052498	0.27448	1	0
7005.96	0.126945	0.271539	1	0
7008.96	0.277766	0.267828	1	0
7011.96	0.302113	0.269675	1	0
7014.96	0.168406	0.270155	1	0
7017.96	-0.0240379	0.180949	1	0
7020.96	0.0141823	0.0962502	1	0
7023.96	7.73305e-05	0.0064005	1	0
7026.96	0.00574575	0.0724261	1	0
7029.96	-0.000286619	0.109754	1	0
7032.96	0.00138263	0.0913521	1	0
7035.96	0.00115758	0.0593549	1	0
7038.96	-0.00104285	0.0549377	1	0
7041.96	-0.00100963	0.0679225	1	0
7044.96	0.00136275	0.0759707	1	0
7047.96	0.0313422	0.276536	1	0
7050.96	0.0241537	0.276572	1	0
7053.96	0.0218143	0.276518	1	0
7056.96	0.025385	0.276386	1	0
7059.96	0.023885	0.276467	1	0
7062.96	-0.00223892	0.276699	1	0
7065.96	-0.027187	0.276446	1	0
7068.96	-0.000624461	0.276618	1	0
7071.96	0.000647209	0.27708	1	0
7074.96	0.00327314	0.277155	1	0
7077.96	-0.00574308	0.277215	1	0
7080.96	-0.0121524	0.277191	1	0
7083.96	-0.0163477	0.257735	1	0
7086.96	-0.0671214	0.0930458	1	0
7089.96	-0.169107	0.0976804	1	0
7092.96	0.0407406	0.230052	1	0
7095.96	0.0521957	0.254634	1	0
7098.96	0	0.267261	1	0
